21,Mark,Python,London,Morning,Some  useful text
22,John,Python,Tokyo,Evening,Some  useful text
23,Sam,Python,Paris,Morning,Some  useful text
24,Ritika,Python,Delhi,Evening,Some  useful text
25,Shaun,Python,Colombo,Morning,Some  useful text
